a=[98 36 14; 36 14 6;14 6 3]
c=[66; 26;12]

b=(a^-1)*c
